17880 228761
47513 532352
253104 280765
61214 108249
2955 416086
216691 182898
527412 501580
210182 360755
448548 376001
416842 453746
469530 66963
117900 363962
441865 330579
29107 120586
280083 427513
344082 511878
366134 313413
421255 352673
152299 304599
17898 324555
148248 174340
70091 44455
170277 218035
156103 63063
21516 276632
552783 223705
539187 506713
209978 417937
342683 254091
316494 68236
488096 128807
120707 104439
45099 487405
487838 457984
434041 204772
45054 413446
259068 25285
413117 533538
370982 548032
192939 81775
286713 308249
282121 126996
542030 276508
41621 565704
113595 367795
293099 428349
305356 199753
12261 257168
142727 403002
18648 420812
330880 50820
107105 217505
487172 319800
503844 178457
475329 14435
11823 162173
427398 161773
244753 363276
46193 104079
300413 545799
148968 145381
313750 243741
346501 197910
479685 434304
361126 302220
70534 48731
461481 236110
129301 53620
219348 444328
113572 54508
43437 258154
547918 194812
20112 245064
56957 154132
48628 71125
444218 63654
495741 151622
25192 417320
552600 76041
520278 261849
91607 541068
24120 9894
323164 203255
411606 418381
244556 113688
329417 115247
438340 432321
308534 148754
360544 102483
497042 276884
333469 62408
517347 237821
230043 97169
104532 256694
468475 392643
237312 428755
452607 242216
407998 274580
449683 233495
309446 307985
480623 525800
461538 256689
493125 72842
269543 138827
515925 317566
21735 113232
302477 410225
85865 428659
328903 226308
128634 32305
83504 335849
69497 452748
397722 154581
552925 374507
362235 371718
32641 497914
413358 566229
29788 486636
547184 476149
468006 259361
271462 301891
558288 230472
33400 226906
370944 239542
271820 471106
450027 193237
430568 394550
97424 183015
277378 557429
476139 88487
439389 268667
506789 261824
221709 198867
372784 15381
338930 149837
235061 365149
185740 381101
73675 109256
79228 166346
549182 100686
277786 565872
233567 290696
403462 422868
451094 496154
290540 468686
115159 390954
144099 185538
189312 534053
90151 131126
235328 360008
476719 259034
517221 149488
71695 461698
485218 362907
510720 3847
428266 352581
525150 145963
290193 277688
13371 538881
109126 468581
562548 42005
490689 424393
514265 393964
480482 568557
398351 194035
243469 102846
277081 201247
263694 218994
251476 226682
391017 535613
89347 232520
83463 70083
97164 332163
51654 384153
35183 525222
434362 112386
110046 422504
302065 506542
355934 336546
326594 178755
278510 279436
302632 8227
483946 91880
85190 75932
161377 446174
11534 415991
174119 48779
402760 76481
336343 560013
473015 499674
8182 295400
549771 117279
410606 317578
113621 101233
481278 110943
18737 92950
267724 237257
356737 168276
523177 197478
425219 38895
456952 205869
444590 406634
274126 398797
320914 77081
111173 379464
122039 132135
188466 514626
322964 563729
185565 281468
494761 385796
132659 345953
237361 316256
53129 42781
241148 425123
14883 327823
498650 161935
246557 330209
488108 508613
111831 326354
327666 383782
317319 361361
148151 333047
517969 278291
316931 449628
566695 445300
130659 381450
94586 472667
193468 194274
168967 184141
87987 548352
464417 367630
277458 352734
300232 104129
425713 138502
263761 359313
109976 397649
400843 88879
201853 478916
411279 207010
395518 529621
4350 246193
8355 272425
238330 408971
559220 19350
173514 394927
142421 419751
114963 381318
145776 530783
319691 197418
293776 105073
527295 440180
566837 322355
266909 448837
449910 194216
48079 433800
165850 42057
213924 228184
145844 540332
121525 98327
284422 491412
187044 108221
150718 311559
347485 459431
512034 171496
509136 286169
407370 47301
315360 507727
141532 422555
203515 139574
339458 44458
211591 454749
537421 23860
138837 381818
3278 50219
86945 351386
373334 561767
24821 424125
353863 217318
290625 74354
240456 518412
128820 474762
321551 539762
434293 356456
518708 364166
449536 298715
289095 79287
62857 506832
447458 368477
392069 519198
72186 236325
98120 382721
506717 97327
124009 111530
476074 179980
363059 292173
276627 533688
149676 104944
454298 538801
568927 466910
35475 217570
190581 257031
203225 2392
301994 342390
303321 553849
66247 188449
299683 484006
15297 513831
97697 514160
514709 428742
195942 495995
203314 490870
467441 409176
144735 423047
420800 567800
446792 94989
89811 80349
157104 183353
7263 306459
163973 114134
474627 67814
371955 293177
236402 282776
219387 83553
499280 512577
139978 410547
305602 137764
32193 563531
481068 345764
139126 407678
428620 329823
130470 51942
399271 506698
489018 316798
292889 179364
399012 266253
21155 379062
385618 511646
318598 27214
247561 103954
48826 513938
550999 383526
255690 277688
504836 565328
516818 136282
511865 468441
328223 201014
286029 65549
366508 520814
220983 355045
274373 12902
87007 255047
239585 51815
496765 391458
108290 322718
341780 96362
336419 392155
387972 98237
382917 96778
508122 533069
442985 405005
149819 371519
95637 459217
86449 46335
108266 392331
499010 123144
511078 376343
449599 323264
528287 444269
518365 298059
138341 77987
397045 523722
342412 360951
100902 83322
46267 198216
394677 183288
179242 38489
269245 495922
500203 20498
345153 290599
281715 79401
532245 110250
483424 13902
270317 108270
194990 160450
374917 227101
43273 70336
247226 507537
237132 467999
313069 229641
410180 539545
376176 131232
142785 80429
331055 108474
337025 446546
238521 425873
163010 117890
97018 337755
210438 155648
235875 454769
432421 57629
340931 464065
557778 148129
424896 356600
127371 416468
392541 455018
515764 315656
493666 115407
183111 541808
75076 73203
55203 14859
372747 311977
38631 413068
255734 459126
23416 213171
318211 440864
257804 167646
417698 256145
154522 42168
133263 386934
46207 41780
237905 513714
111799 338827
106118 342387
382614 201427
48069 362297
353866 232441
202101 86721
326732 360987
422019 268379
329526 126642
4488 196479
282241 200161
172503 1708
419793 298518
480916 294078
369444 416766
37576 146285
396226 180145
324577 298664
512459 48259
244429 33701
209564 391823
186113 449101
416184 294384
568316 426537
401452 374097
423826 239845
225910 492066
304843 177043
471874 302630
36115 427407
219182 223642
512317 331076
336840 229009
407520 452571
366962 178835
48355 48576
182572 365477
40506 448339
517368 16153
202419 500327
241297 454510
314991 566703
234220 329573
175654 396415
165812 553510
136755 81327
156533 108589
22471 50869
5664 280926
196150 137881
331617 181819
111287 339388
397131 540979
516937 251256
171530 256208
279597 191471
469350 86951
158385 335252
200297 43667
83483 220596
545769 408512
514320 368100
363224 281453
112039 264797
228925 338972
290385 88473
203055 388976
110018 68249
522580 198961
506998 50809
67921 280352
473855 17992
305781 352153
247622 414187
190693 180627
99401 436282
496427 102718
312596 543683
174275 247445
61712 163675
247352 411247
277822 428286
129444 428263
3865 482163
211288 536127
337630 3087
409043 320543
157762 47249
135165 510912
347102 546738
50881 320809
468105 61886
563601 102767
182712 197625
562749 360868
241771 122284
241604 509177
177289 58603
227344 399427
101015 274184
355601 264672
91305 539771
443017 256008
286464 230442
362925 129724
454645 30684
159616 79999
262152 309948
472382 224378
477190 419739
481031 147378
383839 84335
526458 32352
251195 342043
282347 68627
383847 558851
85742 475486
551288 192332
320121 235050
450123 417847
196036 31014
487317 529258
286138 386269
116082 272163
222407 54287
330470 28740
478950 494831
189940 496531
158680 66341
512181 161542
144148 240424
242110 530273
57140 395715
235518 332009
55992 466294
157776 42355
336381 434649
467954 465454
382552 210078
419130 333912
102825 400473
502835 399674
62351 248070
533619 191317
390694 83269
252220 267439
168604 263989
75035 188759
50497 31335
281636 150503
269002 480558
13149 57319
119274 420719
557839 10696
452272 514621
183196 287630
463563 379452
387920 390841
52647 58034
350730 524378
492846 2358
392969 169350
546253 417059
215037 262466
419051 37981
168430 224115
337025 165805
504851 277539
243179 289775
382059 538455
298346 482403
213902 475005
417807 348761
377174 156534
177457 287376
347675 427802
424939 372737
350188 153056
395480 205013
219460 446015
216169 38939
529735 236588
532738 343390
503391 444301
157242 501580
272072 23665
456442 468632
93018 304160
555754 229230
411498 507485
279900 534444
257731 308576
147731 444631
511894 348474
442154 274325
105906 11326
398826 139919
256521 163938
400598 99092
45976 449230
244322 82491
25280 375635
358540 329376
55504 539504
78393 44092
217552 394985
373328 309150
188274 226688
77154 153087
29156 194313
386126 467325
541393 76249
445640 434606
111471 202767
449789 156404
371681 56641
530792 325348
55122 518052
489906 43490
21232 103300
107016 273728
52025 338687
285682 463124
132143 218899
277039 374750
268730 505968
246571 333602
155168 42621
565929 79053
382543 99865
300621 493552
309611 231659
566505 138329
557016 187611
49554 539019
343053 85970
330954 60627
58680 330482
74475 60583
338276 387712
163444 107982
267098 354575
494114 429303
389448 566645
331475 219651
327673 384355
102236 246770
256693 430011
313384 552692
273796 205041
401788 90308
233546 216674
31468 569367
91926 271215
558941 381130
279572 504508
266590 134966
172002 254233
213306 404305
240556 414811
353198 247439
259123 445367
533013 211634
331388 271921
98532 481738
226546 30383
145554 300822
338866 276524
286252 176880
295494 115751
462810 491801
9033 337168
135875 408619
131539 545814
74251 282222
470023 166073
110166 541206
236687 135431
168076 29622
162684 558857
163670 171361
277062 143596
301783 313971
255239 290000
392639 323592
490946 457116
65052 195596
74078 336747
211473 89084
28841 282187
536151 196669
465129 368466
275309 103303
68421 418447
70846 45108
309218 74949
141818 521222
371982 432508
57484 259657
357641 184451
382689 182060
247915 473188
18924 130690
486540 156178
154742 140668
35594 133698
186353 548953
100884 127479
480170 429031
38893 252350
237147 80442
257612 346418
103650 462018
344679 289864
458802 477879
296869 131996
327341 386344
48380 415690
220883 438347
337887 295939
11157 495001
212649 411454
279915 458508
482465 289256
252420 441549
23769 188279
153147 416827
76715 414164
54601 212314
313372 271315
522725 357483
56768 294795
39080 376625
536480 376089
462781 553459
163788 502905
368205 238580
436549 38699
281559 149976
10860 257829
334754 498749
263571 385026
282107 85466
178663 70746
345797 187440
92723 546091
503614 238377
117860 127736
509689 63371
504638 19453
568596 345729
171295 235917
207621 36819
133041 327171
230666 81031
352441 142718
123964 290817
235278 211663
392583 330238
258946 64089
141329 335156
285128 186809
238104 153946
517688 381192
541241 202621
474134 118733
242351 38756
142907 120851
411943 405102
539965 243007
182574 456526
401353 406257
321777 367645
63841 53997
369593 405583
498597 11682
18286 14077
125347 474837
412456 305269
167286 109626
438163 156874
279488 98045
208395 317255
165821 483793
467678 48808
85721 474627
555146 449290
21633 72131
194945 224594
38958 91497
28581 418940
141296 317145
482109 250855
70020 472790
102629 36369
114643 505708
58370 243898
80877 74757
187523 309430
334299 171477
469164 176509
126757 269597
423879 376558
319725 553508
357789 378088
467399 523727
176787 415129
479626 460243
341019 83308
254668 229426
135959 441160
11314 452479
382527 304765
532688 541236
336785 145903
54638 239954
18506 239030
114053 520036
119542 407021
457924 476403
128330 487608
404824 76865
234364 77901
390111 260568
37215 483285
188580 348796
36973 66784
132976 341604
359011 389584
17739 279581
519457 282980
308110 173406
239500 4488
360573 318567
334903 514063
241344 323785
509663 127049
213797 338464
250561 312637
490810 319346
408810 355408
308623 482014
149693 472121
178401 163
513658 250250
344428 120121
273768 475152
373103 546331
273980 386091
216904 433293
530321 18557
309558 157767
93959 29343
491003 240214
375813 100284
276577 372761
523227 32083
184040 440182
297057 439629
521028 63055
487129 299118
192662 119564
527400 428553
52442 264351
440874 339404
405130 548855
542553 433575
331716 508852
375854 374862
404127 226799
268231 499995
514499 469436
335518 489405
448830 245937
200346 534601
497685 413113
325924 288030
384834 380276
468245 341520
367070 88123
298514 141350
539169 448139
257835 514202
556261 246063
322778 446262
336614 114013
340068 472673
145206 433708
442975 138953
378093 382885
429517 225326
184663 172956
500841 399359
411794 113338
117337 76060
434106 60283
493167 343781
390320 372544
564820 85729
301548 492484
449082 461002
418655 10693
284598 63802
275263 482970
93293 135077
263102 218311
54538 482626
74971 286615
195560 447117
38378 93639
474963 41745
422191 463809
44035 228202
46553 207831
446137 29430
515907 8412
543450 355204
289000 197988
458150 298820
447803 522736
43676 494810
245711 174746
483010 540720
192818 452381
130251 396644
565157 271722
537422 261291
457014 218226
424338 490567
179061 444783
308461 533899
287804 80316
396413 417792
548400 511444
181504 355892
504806 177377
22879 118931
305156 247631
122094 186240
121132 213213
194993 152757
225840 132270
443358 514607
233651 460230
181473 139306
262546 433676
497367 8125
450422 132453
375449 221881
506692 90167
354816 30925
242191 54942
247632 308467
382147 130502
369750 315303
557407 271748
523166 556844
270463 19355
372100 12023
16294 387449
233914 490924
519650 95964
508209 353885
66124 544975
316903 402915
415523 129859
477949 52374
250615 499662
194400 3140
69997 40456
560231 412688
138573 210962
378921 102600
276806 496939
480174 536373
401479 502826
224254 244468
223218 135991
267254 344003
